    0              -1              -1
  0.1        -1.14975        -1.14975
  0.2          -1.298          -1.298
  0.3        -1.44328        -1.44328
  0.4        -1.58413        -1.58413
  0.5        -1.71914        -1.71914
  0.6        -1.84696        -1.84696
  0.7        -1.96633        -1.96633
  0.8        -2.07603        -2.07603
  0.9        -2.17499        -2.17499
    1        -2.26221        -2.26221
  1.1        -2.33681        -2.33681
  1.2        -2.39806        -2.39806
  1.3        -2.44534        -2.44534
  1.4        -2.47817        -2.47817
  1.5        -2.49624        -2.49624
  1.6        -2.49936        -2.49936
  1.7         -2.4875         -2.4875
  1.8        -2.46077        -2.46077
  1.9        -2.41945        -2.41945
    2        -2.36395        -2.36395
  2.1        -2.29481        -2.29481
  2.2        -2.21274        -2.21274
  2.3        -2.11856        -2.11856
  2.4        -2.01319        -2.01319
  2.5        -1.89771        -1.89771
  2.6        -1.77325        -1.77325
  2.7        -1.64107        -1.64107
  2.8        -1.50248        -1.50248
  2.9        -1.35887        -1.35887
    3        -1.21168        -1.21168
  3.1        -1.06237        -1.06237
  3.2       -0.912439       -0.912439
  3.3       -0.763381       -0.763381
  3.4       -0.616688       -0.616688
  3.5       -0.473825       -0.473825
  3.6       -0.336219       -0.336219
  3.7       -0.205246       -0.205246
  3.8      -0.0822131      -0.0822132
  3.9       0.0316493       0.0316492
    4        0.135204        0.135204
  4.1        0.227416        0.227416
  4.2        0.307364        0.307364
  4.3        0.374249        0.374249
  4.4        0.427403        0.427403
  4.5        0.466295        0.466295
  4.6        0.490537        0.490537
  4.7        0.499885        0.499885
  4.8        0.494247        0.494247
  4.9        0.473679        0.473679
    5        0.438386        0.438386
  5.1        0.388722        0.388722
  5.2        0.325182        0.325182
  5.3        0.248401        0.248401
  5.4        0.159147        0.159147
  5.5       0.0583105       0.0583105
  5.6         -0.0531         -0.0531
  5.7       -0.173972       -0.173972
  5.8       -0.303097       -0.303097
  5.9       -0.439185       -0.439185
    6       -0.580877       -0.580877
  6.1       -0.726756       -0.726756
  6.2       -0.875366       -0.875366
